"TOA5","Sample_Site","CR1000","5038","CR1000.Std.17","CPU:madeupprog.cr1","111","Sample_data"
"Timestamp","RECORD,"Battery","WindSpeed,"WindDirection","Wind_STDDEV","Temperature"
"TS","RN","Volts","meterspersecond","degrees","degrees","kohms"
"","","Avg","WVc","WVc","WVc","Avg"
"2010-05-12 13:30:00",1,13.341,15.93,339.1,19.04,9.29
"2010-05-12 14:00:00",2,13.31,15.81,339.7,18.57,9.27
"2010-05-12 14:30:00",3,13.282,15.12,345,18.04,9.25
"2010-05-12 15:00:00",4,13.258,14.47,345.5,15.83,9.22
"2010-05-12 15:30:00",5,13.241,15.71,328.5,17.57,9.2
"2010-05-12 16:00:00",6,13.226,16.79,330.2,18.88,9.17
"2010-05-12 16:30:00",7,13.209,16.79,326.5,18.3,9.15
"2010-05-12 17:00:00",8,13.194,16.79,330.4,19.3,9.13
"2010-05-12 17:30:00",9,13.179,14.39,332.6,18.15,9.11
"2010-05-12 18:00:00",10,13.165,14.45,334.4,17.36,9.07
"2010-05-12 18:30:00",11,13.157,13.88,336.8,16.41,9.05
"2010-05-12 19:00:00",12,13.149,12.88,338.2,16.46,9.02
"2010-05-12 19:30:00",13,13.139,11.51,335.1,15.46,8.99
"2010-05-12 20:00:00",14,13.131,11.46,333.5,14.99,8.97
"2010-05-12 20:30:00",15,13.128,8.29,329.6,10.94,8.93
"2010-05-12 21:00:00",16,13.126,8.24,332.2,9.99,8.91
"2010-05-12 21:30:00",17,13.123,6.791,336,9.99,8.89
"2010-05-12 22:00:00",18,13.12,6.87,338.7,8.31,8.87
"2010-05-12 22:30:00",19,13.114,4.063,339.3,7.52,8.87
"2010-05-12 23:00:00",20,13.113,3.296,335.6,5.891,8.87
"2010-05-12 23:30:00",21,13.117,4.129,338,5.313,8.87
"2010-05-13 00:00:00",22,13.131,4.433,341.3,5.786,8.88
"2010-05-13 00:30:00",23,13.16,3.326,342.3,5.733,8.88
"2010-05-13 01:00:00",24,13.202,4.165,338.8,6.312,8.89
"2010-05-13 01:30:00",25,13.254,4.266,343,6.365,8.89
"2010-05-13 02:00:00",26,13.312,5.685,339.7,7.63,8.88
"2010-05-13 02:30:00",27,13.364,7.82,339.9,8.99,8.87
"2010-05-13 03:00:00",28,13.405,8.81,342.6,9.84,8.86
"2010-05-13 03:30:00",29,13.44,9.34,335.7,10.47,8.86
"2010-05-13 04:00:00",30,13.47,7.76,334.4,8.89,8.85
"2010-05-13 04:30:00",31,13.488,8.97,339.7,10.99,8.84
"2010-05-13 05:00:00",32,13.493,8.64,335.5,9.63,8.83
"2010-05-13 05:30:00",33,13.491,5.703,353.3,8.68,8.83
"2010-05-13 06:00:00",34,13.488,5.221,337,6.838,8.82
"2010-05-13 06:30:00",35,13.484,4.835,340.2,7.63,8.83
"2010-05-13 07:00:00",36,13.48,5.452,335.7,7.89,8.83
"2010-05-13 07:30:00",37,13.478,5.964,345.4,8.36,8.84
"2010-05-13 08:00:00",38,13.478,5.103,353.5,7.21,8.85
"2010-05-13 08:30:00",39,13.477,4.467,350.3,6.628,8.85
"2010-05-13 09:00:00",40,13.476,4.207,338.3,6.259,8.86
"2010-05-13 09:30:00",41,13.476,3.521,322.9,7.89,8.86
"2010-05-13 10:00:00",42,13.475,9.69,17.58,11.2,8.86
"2010-05-13 10:30:00",43,13.47,8.83,7.46,11.41,8.85
"2010-05-13 11:00:00",44,13.46,8.3,0.998,10.05,8.84
"2010-05-13 11:30:00",45,13.441,9.93,344.9,11.78,8.83
"2010-05-13 12:00:00",46,13.412,7.82,17.42,11.83,8.82
"2010-05-13 12:30:00",47,13.368,6.957,24.19,9.42,8.81
"2010-05-13 13:00:00",48,13.314,7.29,348.5,9.63,8.8
"2010-05-13 13:30:00",49,13.259,9.2,338.8,11.31,8.79
"2010-05-13 14:00:00",50,13.213,9.18,340.2,11.73,8.78
"2010-05-13 14:30:00",51,13.182,7.95,339.8,10.68,8.77
"2010-05-13 15:00:00",52,13.154,7.85,342.4,9.15,8.77
"2010-05-13 15:30:00",53,13.122,8.27,338.3,11.05,8.77
"2010-05-13 16:00:00",54,13.093,5.702,348.6,8.31,8.78
"2010-05-13 16:30:00",55,13.071,4.774,3.163,8.05,8.77
"2010-05-13 17:00:00",56,13.053,6.224,351.2,9.1,8.78
"2010-05-13 17:30:00",57,13.037,8.52,344.7,9.99,8.78
"2010-05-13 18:00:00",58,13.023,6.86,8.33,8.78,8.77
"2010-05-13 18:30:00",59,13.014,6.372,28.55,8.94,8.77
"2010-05-13 19:00:00",60,13.02,4.682,18.36,6.628,8.77
"2010-05-13 19:30:00",61,13.03,3.194,359.3,4.681,8.78
"2010-05-13 20:00:00",62,13.038,3.362,4.012,4.366,8.79
"2010-05-13 20:30:00",63,13.047,1.678,358.9,2.946,8.81
"2010-05-13 21:00:00",64,13.057,1.256,25.41,2.63,8.83
"2010-05-13 21:30:00",65,13.068,1.564,349.4,2.42,8.85
"2010-05-13 22:00:00",66,13.076,0.913,298.4,2.262,8.86
"2010-05-13 22:30:00",67,13.084,0.872,275.2,1.894,8.87
"2010-05-13 23:00:00",68,13.092,1.589,26.25,3.524,8.88
"2010-05-13 23:30:00",69,13.1,2.84,28.35,3.945,8.89
"2010-05-14 00:00:00",70,13.108,2.587,43.87,3.577,8.89
"2010-05-14 00:30:00",71,13.119,3.225,43.07,4.366,8.9
"2010-05-14 01:00:00",72,13.141,2.443,49.08,4.05,8.92
"2010-05-14 01:30:00",73,13.17,2.155,43.53,3.735,8.93
"2010-05-14 02:00:00",74,13.201,1.517,10.63,2.946,8.92
"2010-05-14 02:30:00",75,13.231,2.043,44.4,3.051,8.92
"2010-05-14 03:00:00",76,13.259,2.644,52.04,3.314,8.92
"2010-05-14 03:30:00",77,13.289,1.312,26.71,2.577,8.93
"2010-05-14 04:00:00",78,13.316,1.582,12.81,2.472,8.94
"2010-05-14 04:30:00",79,13.337,1.519,13.41,2.42,8.96
"2010-05-14 05:00:00",80,13.358,1.41,10.82,2.84,8.97
"2010-05-14 05:30:00",81,13.381,1.777,355.8,4.05,8.98
"2010-05-14 06:00:00",82,13.409,4.481,45.74,6.102,8.99
"2010-05-14 06:30:00",83,13.442,3.453,46.49,5.313,8.99
"2010-05-14 07:00:00",84,13.475,2.593,26.46,5.05,9
"2010-05-14 07:30:00",85,13.505,2.168,16.54,3.156,9.01
"2010-05-14 08:00:00",86,13.531,1.685,22.95,2.472,9.02
"2010-05-14 08:30:00",87,13.554,2.003,16.83,2.84,9.02
"2010-05-14 09:00:00",88,13.573,0.913,13.97,2.314,9.03
"2010-05-14 09:30:00",89,13.588,2.619,5.071,4.944,9.03
"2010-05-14 10:00:00",90,13.598,4.587,35.25,6.628,9.03
"2010-05-14 10:30:00",91,13.598,3.732,41.72,5.102,9.03
"2010-05-14 11:00:00",92,13.581,3.986,36.39,5.891,9.04
"2010-05-14 11:30:00",93,13.546,6.83,31.15,8.89,9.04
"2010-05-14 12:00:00",94,13.502,5.725,31.9,8.52,9.02
"2010-05-14 12:30:00",95,13.451,3.112,24.97,4.734,9.01
"2010-05-14 13:00:00",96,13.396,4.21,32.82,5.313,8.99
"2010-05-14 13:30:00",97,13.343,3.899,29.79,5.418,8.98
"2010-05-14 14:00:00",98,13.295,4.37,33.06,5.786,8.95
"2010-05-14 14:30:00",99,13.252,3.431,349.2,5.628,8.93
"2010-05-14 15:00:00",100,13.217,3.991,3.976,5.628,8.91
"2010-05-14 15:30:00",101,13.186,4.692,349.8,6.575,8.88
"2010-05-14 16:00:00",102,13.145,3.264,340.5,5.944,8.86
"2010-05-14 16:30:00",103,13.113,4.418,330.8,8.15,8.83
"2010-05-14 17:00:00",104,13.083,6.268,339.3,9.57,8.82
"2010-05-14 17:30:00",105,13.055,8.79,341.9,10.84,8.81
"2010-05-14 18:00:00",106,13.037,9.85,337.2,14.2,8.81
"2010-05-14 18:30:00",107,13.036,10.03,328.9,15.04,8.8
"2010-05-14 19:00:00",108,13.043,9.09,346.4,12.83,8.8
"2010-05-14 19:30:00",109,13.048,10.4,331,15.1,8.8
"2010-05-14 20:00:00",110,13.053,11.96,330.3,15.25,8.79
"2010-05-14 20:30:00",111,13.053,11.33,331,13.94,8.78
"2010-05-14 21:00:00",112,13.054,11.6,352.3,13.62,8.78
"2010-05-14 21:30:00",113,13.056,10.96,7.88,12.41,8.77
"2010-05-14 22:00:00",114,13.056,9.76,8.01,11.83,8.77
"2010-05-14 22:30:00",115,13.053,8.84,6.976,10.89,8.76
"2010-05-14 23:00:00",116,13.058,8.16,9.72,9.2,8.76
"2010-05-14 23:30:00",117,13.068,7.39,12.43,8.73,8.75
"2010-05-15 00:00:00",118,13.084,7.79,358.2,9.84,8.75
"2010-05-15 00:30:00",119,13.107,9.05,10.36,9.99,8.75
"2010-05-15 01:00:00",120,13.137,9.71,356,11.73,8.74
"2010-05-15 01:30:00",121,13.175,12.05,323.3,14.31,8.75
"2010-05-15 02:00:00",122,13.22,12.95,330,15.31,8.75
"2010-05-15 02:30:00",123,13.264,10.07,325.7,12.2,8.74
"2010-05-15 03:00:00",124,13.307,7.43,352.8,9.05,8.73
"2010-05-15 03:30:00",125,13.353,8.66,342.6,12.78,8.73
"2010-05-15 04:00:00",126,13.396,6.985,354.1,8.68,8.73
"2010-05-15 04:30:00",127,13.433,7.99,21.97,9.26,8.72
"2010-05-15 05:00:00",128,13.463,7.63,32.91,9.05,8.72
"2010-05-15 05:30:00",129,13.49,7.29,36.09,8.21,8.71
"2010-05-15 06:00:00",130,13.516,6.028,33.93,7.94,8.71
"2010-05-15 06:30:00",131,13.538,5.505,34.96,6.628,8.71
"2010-05-15 07:00:00",132,13.556,4.662,23.92,5.839,8.7
"2010-05-15 07:30:00",133,13.569,3.87,22.43,5.839,8.7
"2010-05-15 08:00:00",134,13.578,3.87,35.95,5.786,8.69
"2010-05-15 08:30:00",135,13.579,4.085,39.69,5.207,8.69
"2010-05-15 09:00:00",136,13.572,3.833,32.13,4.839,8.68
"2010-05-15 09:30:00",137,13.56,2.827,11.07,3.577,8.68
"2010-05-15 10:00:00",138,13.544,2.509,36.61,3.524,8.67
"2010-05-15 10:30:00",139,13.525,2.661,41.28,3.735,8.66
"2010-05-15 11:00:00",140,13.502,2.198,27.5,3.314,8.65
"2010-05-15 11:30:00",141,13.477,2.512,35.64,3.629,8.64
"2010-05-15 12:00:00",142,13.451,2.489,55.09,3.419,8.63
"2010-05-15 12:30:00",143,13.422,2.325,51.66,3.472,8.62
"2010-05-15 13:00:00",144,13.39,3.443,62.23,4.418,8.61
"2010-05-15 13:30:00",145,13.357,3.22,67.64,3.735,8.61
"2010-05-15 14:00:00",146,13.321,2.705,66.97,3.787,8.6
"2010-05-15 14:30:00",147,13.289,1.873,56.59,2.42,8.59
"2010-05-15 15:00:00",148,13.262,1.567,39.72,2.314,8.58
"2010-05-15 15:30:00",149,13.235,2.282,25.31,3.419,8.56
"2010-05-15 16:00:00",150,13.207,3.684,40.79,4.681,8.55
"2010-05-15 16:30:00",151,13.176,4.003,43.16,5.26,8.54
"2010-05-15 17:00:00",152,13.142,3.462,40.67,4.997,8.53
"2010-05-15 17:30:00",153,13.116,3.571,60.31,5.155,8.52
"2010-05-15 18:00:00",154,13.102,3.926,56.51,4.944,8.52
"2010-05-15 18:30:00",155,13.096,3.238,60.55,4.366,8.51
"2010-05-15 19:00:00",156,13.087,2.882,51.57,4.734,8.51
"2010-05-15 19:30:00",157,13.079,4.614,72.5,5.839,8.52
"2010-05-15 20:00:00",158,13.085,4.087,45.97,5.628,8.52
"2010-05-15 20:30:00",159,13.098,3.812,65.56,5.207,8.52
"2010-05-15 21:00:00",160,13.112,4.709,69.07,5.944,8.53
"2010-05-15 21:30:00",161,13.137,4.493,72.1,5.786,8.51
"2010-05-15 22:00:00",162,13.172,3.316,51.74,4.313,8.48
"2010-05-15 22:30:00",163,13.201,3.543,47.54,4.734,8.46
"2010-05-15 23:00:00",164,13.223,3.665,47.44,4.366,8.46
"2010-05-15 23:30:00",165,13.243,3.417,42.73,4.629,8.46
"2010-05-16 00:00:00",166,13.26,5.358,35.76,6.417,8.47
"2010-05-16 00:30:00",167,13.274,6.317,44.24,8.05,8.47
"2010-05-16 01:00:00",168,13.291,7.39,42.22,9.15,8.47
"2010-05-16 01:30:00",169,13.307,7.12,42.76,8.52,8.47
"2010-05-16 02:00:00",170,13.32,6.28,53.2,7.63,8.45
"2010-05-16 02:30:00",171,13.333,4.421,49.75,6.365,8.42
"2010-05-16 03:00:00",172,13.351,5.328,64.83,9.1,8.41
"2010-05-16 03:30:00",173,13.375,3.831,67.28,4.734,8.39
"2010-05-16 04:00:00",174,13.4,3.425,72.5,4.366,8.37
"2010-05-16 04:30:00",175,13.417,3.015,66.43,3.84,8.35
"2010-05-16 05:00:00",176,13.426,2.622,52.33,4.05,8.33
"2010-05-16 05:30:00",177,13.438,2.969,43.99,4.05,8.32
"2010-05-16 06:00:00",178,13.452,3.678,41.91,4.471,8.3
"2010-05-16 06:30:00",179,13.463,3.382,49.65,4.366,8.28
"2010-05-16 07:00:00",180,13.472,3.219,44.49,4.313,8.27
"2010-05-16 07:30:00",181,13.48,3.196,38.27,4.05,8.26
"2010-05-16 08:00:00",182,13.487,3.575,35.93,4.576,8.25
"2010-05-16 08:30:00",183,13.492,3.921,42.68,5.523,8.23
"2010-05-16 09:00:00",184,13.496,3.919,39.27,4.997,8.23
"2010-05-16 09:30:00",185,13.496,3.615,27.93,4.839,8.22
"2010-05-16 10:00:00",186,13.495,3.76,32.11,4.734,8.22
"2010-05-16 10:30:00",187,13.488,3.154,30.32,4.155,8.22
"2010-05-16 11:00:00",188,13.477,3.293,29.81,4.629,8.22
"2010-05-16 11:30:00",189,13.462,4.258,34.73,5.418,8.22
"2010-05-16 12:00:00",190,13.446,2.882,42.57,4.05,8.21
"2010-05-16 12:30:00",191,13.431,3.077,33.75,4.471,8.21
"2010-05-16 13:00:00",192,13.419,3.094,61.36,4.366,8.21
"2010-05-16 13:30:00",193,13.408,2.412,57.85,3.892,8.21
"2010-05-16 14:00:00",194,13.401,2.207,74.2,2.735,8.21
"2010-05-16 14:30:00",195,13.396,1.543,59,2.525,8.21
"2010-05-16 15:00:00",196,13.392,1.893,27.2,2.683,8.22
"2010-05-16 15:30:00",197,13.391,2.953,49.29,3.629,8.23
"2010-05-16 16:00:00",198,13.39,4.223,34.2,5.47,8.24
"2010-05-16 16:30:00",199,13.383,6.543,35.72,7.57,8.24
"2010-05-16 17:00:00",200,13.366,5.804,44.04,7.15,8.26
"2010-05-16 17:30:00",201,13.349,6.888,45.48,8.42,8.26
"2010-05-16 18:00:00",202,13.337,7.01,44.34,8.31,8.27
"2010-05-16 18:30:00",203,13.332,6.906,40.35,8.05,8.27
"2010-05-16 19:00:00",204,13.331,8.27,41.95,9.42,8.26
"2010-05-16 19:30:00",205,13.327,8.61,44.86,9.57,8.26
"2010-05-16 20:00:00",206,13.32,6.172,53.43,7.73,8.25
"2010-05-16 20:30:00",207,13.313,5.74,59.45,7.52,8.23
"2010-05-16 21:00:00",208,13.307,5.235,71.8,5.996,8.13
"2010-05-16 21:30:00",209,13.301,5.474,74.3,6.259,8.02
"2010-05-16 22:00:00",210,13.296,5.091,72.1,5.996,7.95
"2010-05-16 22:30:00",211,13.296,3.742,54.1,4.787,7.9
"2010-05-16 23:00:00",212,13.302,3.843,54.17,4.471,7.87
"2010-05-16 23:30:00",213,13.31,2.921,69.75,4.366,7.84
"2010-05-17 00:00:00",214,13.317,1.611,50.17,2.683,7.81
"2010-05-17 00:30:00",215,13.324,2.877,310.3,5.418,7.78
"2010-05-17 01:00:00",216,13.332,4.168,359,6.733,7.78
"2010-05-17 01:30:00",217,13.341,5.862,40.03,6.785,7.78
"2010-05-17 02:00:00",218,13.352,5.369,54.12,6.68,7.78
"2010-05-17 02:30:00",219,13.364,6.778,48.14,8,7.78
"2010-05-17 03:00:00",220,13.376,8.06,50.81,9.36,7.78
"2010-05-17 03:30:00",221,13.385,9.02,85.1,13.94,7.77
"2010-05-17 04:00:00",222,13.391,5.224,91.9,8.68,7.76
"2010-05-17 04:30:00",223,13.395,3.711,75.6,4.418,7.74
"2010-05-17 05:00:00",224,13.399,2.605,75.9,4.103,7.72
"2010-05-17 05:30:00",225,13.407,2.75,91.2,4.524,7.67
"2010-05-17 06:00:00",226,13.414,2.277,41.11,3.366,7.63
"2010-05-17 06:30:00",227,13.421,3.105,38.88,4.524,7.62
"2010-05-17 07:00:00",228,13.428,2.914,51.31,4.208,7.6
"2010-05-17 07:30:00",229,13.437,3.587,64.56,4.471,7.59
"2010-05-17 08:00:00",230,13.447,3.477,58.48,4.892,7.58
"2010-05-17 08:30:00",231,13.453,4.868,80.6,5.523,7.57
"2010-05-17 09:00:00",232,13.456,4.803,87,5.786,7.55
"2010-05-17 09:30:00",233,13.455,3.006,81.9,4.103,7.51
"2010-05-17 10:00:00",234,13.451,3.238,96.7,4.839,7.5
"2010-05-17 10:30:00",235,13.443,2.373,88,3.209,7.5
"2010-05-17 11:00:00",236,13.434,2.801,93.7,4.155,7.5
"2010-05-17 11:30:00",237,13.423,4.458,107.6,4.997,7.51
"2010-05-17 12:00:00",238,13.412,3.702,109.8,4.629,7.51
"2010-05-17 12:30:00",239,13.403,2.411,110.2,3.314,7.47
"2010-05-17 13:00:00",240,13.394,2.213,107.9,3.209,7.37
"2010-05-17 13:30:00",241,13.379,1.944,127.1,2.683,7.35
"2010-05-17 14:00:00",242,13.369,1.342,156.8,1.999,7.35
"2010-05-17 14:30:00",243,13.366,0.906,220.3,1.42,7.35
"2010-05-17 15:00:00",244,13.364,1.393,244.2,3.051,7.35
"2010-05-17 15:30:00",245,13.358,1.98,255.7,3.314,7.35
"2010-05-17 16:00:00",246,13.339,0.508,342.1,1.736,7.35
"2010-05-17 16:30:00",247,13.313,2.601,48.98,3.629,7.35
"2010-05-17 17:00:00",248,13.289,4.03,62.92,5.05,7.35
"2010-05-17 17:30:00",249,13.283,2.664,55.18,3.682,7.35
"2010-05-17 18:00:00",250,13.275,2.619,39.46,3.84,7.35
"2010-05-17 18:30:00",251,13.249,1.375,25.05,2.63,7.35
"2010-05-17 19:00:00",252,13.221,3.451,354.2,5.786,7.35
"2010-05-17 19:30:00",253,13.196,5.615,352.2,7.1,7.35
"2010-05-17 20:00:00",254,13.188,7.72,38.39,9.57,7.35
"2010-05-17 20:30:00",255,13.177,7.69,48.01,9.1,7.35
"2010-05-17 21:00:00",256,13.17,8.24,49.15,10.15,7.35
"2010-05-17 21:30:00",257,13.168,8.97,54,11.47,7.35
"2010-05-17 22:00:00",258,13.171,8.81,55.3,10.47,7.35
"2010-05-17 22:30:00",259,13.176,9.22,56.18,11.89,7.34
"2010-05-17 23:00:00",260,13.183,7.98,54.83,9.99,7.35
"2010-05-17 23:30:00",261,13.195,9.38,48.58,11.99,7.35
"2010-05-18 00:00:00",262,13.212,9.44,50.8,10.99,7.35
"2010-05-18 00:30:00",263,13.24,9.4,48.27,10.57,7.35
"2010-05-18 01:00:00",264,13.269,9.4,49.09,10.99,7.35
"2010-05-18 01:30:00",265,13.297,9.03,46.36,10.47,7.35
"2010-05-18 02:00:00",266,13.328,8.05,45.74,9.63,7.34
"2010-05-18 02:30:00",267,13.357,7.5,50.15,8.68,7.34
"2010-05-18 03:00:00",268,13.382,7.56,45.49,8.57,7.35
"2010-05-18 03:30:00",269,13.4,10.71,31.67,13.26,7.35
"2010-05-18 04:00:00",270,13.414,11.89,20.21,12.89,7.35
"2010-05-18 04:30:00",271,13.418,13.05,15.6,13.89,7.35
"2010-05-18 05:00:00",272,13.419,14.22,24.48,15.57,7.35
"2010-05-18 05:30:00",273,13.415,13.86,20.99,14.89,7.34
"2010-05-18 06:00:00",274,13.407,14.83,19.22,15.62,7.34
"2010-05-18 06:30:00",275,13.403,14.82,17.09,15.99,7.35
"2010-05-18 07:00:00",276,13.405,15.04,16.16,16.41,7.34
"2010-05-18 07:30:00",277,13.412,15.19,12.3,16.31,7.35
"2010-05-18 08:00:00",278,13.417,15.47,8.44,16.25,7.35
"2010-05-18 08:30:00",279,13.42,15.21,9.4,16.15,7.35
"2010-05-18 09:00:00",280,13.421,15.64,8.53,16.57,7.35
"2010-05-18 09:30:00",281,13.418,16.15,8.48,17.57,7.35
"2010-05-18 10:00:00",282,13.414,16.64,13.14,17.67,7.34
"2010-05-18 10:30:00",283,13.41,15.67,21.93,17.88,7.35
"2010-05-18 11:00:00",284,13.404,15.35,20.51,18.94,7.35
"2010-05-18 11:30:00",285,13.394,16.32,30.13,18.2,7.35
"2010-05-18 12:00:00",286,13.383,14.9,30.53,16.25,7.35
"2010-05-18 12:30:00",287,13.373,13.26,46.91,14.89,7.35
"2010-05-18 13:00:00",288,13.366,13.95,34.3,15.2,7.35
"2010-05-18 13:30:00",289,13.362,13.33,44.01,15.04,7.35
"2010-05-18 14:00:00",290,13.356,11.59,46.36,13.68,7.35
"2010-05-18 14:30:00",291,13.343,11.26,40.41,13.04,7.35
"2010-05-18 15:00:00",292,13.322,12.59,31.05,13.41,7.35
"2010-05-18 15:30:00",293,13.289,11.34,37.34,13.52,7.35
"2010-05-18 16:00:00",294,13.247,10.01,31.54,12.15,7.35
"2010-05-18 16:30:00",295,13.218,9.35,17.65,10.47,7.35
"2010-05-18 17:00:00",296,13.212,8.72,31.17,10.78,7.35
"2010-05-18 17:30:00",297,13.208,6.945,33.28,8.73,7.35
"2010-05-18 18:00:00",298,13.204,6.171,37.22,7.47,7.35
"2010-05-18 18:30:00",299,13.206,5.436,43.56,9.2,7.35
"2010-05-18 19:00:00",300,13.206,6.384,47.65,8.63,7.35
"2010-05-18 19:30:00",301,13.2,4.179,37.59,5.786,7.35
"2010-05-18 20:00:00",302,13.198,4.303,27.86,5.418,7.36
"2010-05-18 20:30:00",303,13.204,5.443,23.47,7.52,7.35
"2010-05-18 21:00:00",304,13.216,6.87,36.81,7.89,7.35
"2010-05-18 21:30:00",305,13.241,5.942,54.19,7.73,7.35
"2010-05-18 22:00:00",306,13.25,4.034,71.1,5.313,7.35
"2010-05-18 22:30:00",307,13.248,4.174,101.5,5.733,7.35
"2010-05-18 23:00:00",308,13.243,4.429,102.5,5.733,7.35
"2010-05-18 23:30:00",309,13.234,3.334,81.1,4.734,7.36
